56041
74196
45602
65755
9086
56147
8000
22956
64776
20823
11136
23120
22248
56760
76169
57875
33649
68351
37485
23739
14817
38385
65965
82322
13888
38290
16345
80481
71023
87114
4565
72140
77294
56313
39926
82490
91695
17475
38907
31049
60149
38700
68541
58607
74599
29699
81878
12847
82799
1062
49738
28358
88510
56726
71304
78344
52293
23934
26189
16942
92669
72154
37685
86528
95633
29878
60919
23195
98086
39121
99999
97899
98257
16042
49552
82221
19799
68337
96777
28285
9052
41527
58643
73785
75697
98482
94396
278
47779
21536
17373
78040
42488
32307
42906
48085
23596
14862
2196
7332
97423
86492
26138
61292
81016
85848
68628
32175
17680
8149
24522
8736
53875
98300
75791
71953
4945
66300
58213
1779
10855
75451
21953
34887
36531
75396
80715
13945
31161
67150
30866
47335
32112
19036
61223
55689
79769
84358
19017
36955
14943
31319
17246
47933
82570
76494
21916
55798
30270
28816
83596
1309
6805
58298
52892
97123
19254
54371
77714
49206
65825
47609
21518
30124
59898
82237
3979
49854
47262
85254
82847
18028
42314
29571
72576
59002
13693
50688
85702
54156
14626
77173
50891
4998
73850
95194
81166
69161
1333
37176
19646
56978
50428
17207
3169
29040
54729
81567
18588
4007
65466
87130
83892
51525
72811
38135
51363
3893
79350
321
29424
90344
70446
7690
979
15669
18971
95803
94871
76607
8790
79983
96749
9821
59798
79389
20875
84759
70980
89408
20312
94361
46475
38625
95669
16245
1953
88884
15343
74466
56699
77514
52074
3287
33584
66594
27501
20017
91791
41420
44629
52731
73614
75051
4895
77671
70546
31724
514
55016
44867
23396
53270
98846
40469
99819
62432
22928
45356
46521
6803
29597
64031
75094
39698
17969
38832
95341
42898
5662
82890
17809
12748
84994
47585
33630
87482
50245
85203
24982
97378
56241
14526
12637
60696
96764
61360
30381
79087
44601
85776
81069
15131
89915
59242
10587
31054
66405
44746
71663
970
98559
24214
29587
3966
77750
2056
88133
62609
20978
26036
11936
84374
43145
38987
55161
6066
84361
61252
96307
11348
32911
75479
30781
82735
51187
94697
15149
78042
96540
28925
97813
58268
50274
26272
3112
51358
55695
31330
20140
17066
84316
26101
86260
64510
37302
4672
88535
17430
38597
62385
3072
79427
53124
91675
22967
72575
84655
92107
33290
93965
93144
90374
27318
28059
45200
96459
11473
58906
33489
94391
75721
46448
60791
36758
49195
12161
46573
93042
77958
34990
7291
55032
295
36059
92502
50774
36334
84091
49708
18437
16059
85164
36321
34630
19910
56433
6555
96085
55692
28992
71417
8805
65439
71705
36124
97032
66796
80676
4503
30345
9114
98338
75789
72390
66006
9558
99904
82986
92779
47922
25350
43708
20341
74233
82414
23450
56474
26500
2952
76687
19296
33562
1260
21165
91294
98159
48470
48939
94421
41238
98737
92230
14725
94780
78798
22613
16698
29149
69564
57179
24278
79092
47326
60811
79876
80216
86136
52379
48964
92052
23168
97948
91372
71475
42006
2152
11021
80782
57617
15339
33282
68375
77282
16455
22512
59842
91655
97638
45261
18102
23948
51783
41550
61296
25523
68460
92217
52300
71144
62688
55177
12516
76563
25399
86400
45161
56516
14086
81794
87554
41176
22678
57060
83967
7585
92365
11569
28050
35116
8501
60601
44310
8875
45998
85189
24032
20753
59280
77342
63639
51351
59381
37715
92085
82290
15545
48453
31515
90871
32440
27667
75091
8812
52820
54052
47309
47225
93873
62376
5689
14392
89658
26156
17098
88452
60684
85982
62386
70217
6161
966
23168
68704
26035
36100
1226
35441
10221
85198
84936
2484
10102
21287
82708
53922
72594
28113
32284
51654
30250
84608
97226
64930
46345
35588
92903
76678
7080
98184
93203
67670
8144
81459
66739
39017
36231
64244
84055
67184
5269
5560
21235
8695
33902
31279
83566
53871
1129
93301
7572
28817
50500
37661
77775
30502
87100
37363
86709
94073
56945
97958
62197
95770
48068
51409
39119
64557
22308
49262
29248
44127
68248
91634
42731
40863
58708
92587
75417
50964
62492
15964
98230
78481
5806
54982
87949
77686
67142
22892
53414
15945
77807
10877
83531
7014
24323
22240
96024
381
68263
78585
91487
10074
82308
97015
47496
61898
87060
61361
6302
33375
76275
84943
73075
75237
34019
79204
66488
75546
98599
52073
53710
30911
32320
52609
49462
23816
31902
63059
1110
26779
43126
34852
17332
9435
31411
15028
24556
16640
82542
68092
9986
91495
55106
75706
27747
43468
48233
60994
77230
12519
29733
24592
45217
1827
96689
99663
38227
12772
31750
11789
54313
19515
44688
1864
9238
66417
91263
81414
45450
4977
84803
77145
50411
44121
17365
83516
7279
34636
63647
31023
73807
45006
46760
17940
34012
66569
79490
79813
99949
16689
8890
76140
30987
63801
71766
15446
91060
10792
7631
1126
20659
52282
91587
41242
74597
9927
88804
19166
53516
734
88750
85438
74406
42056
1463
25755
70912
77512
24968
27537
7401
89741
21386
38559
70175
82876
53362
37635
77192
87917
13705
63761
79934
69478
14483
27117
55110
80934
22950
89856
26331
51678
27817
59538
22880
38253
54582
98279
6941
89797
91913
38537
24740
62721
34568
88024
38658
68575
47869
34734
5770
81691
84229
14343
12813
55885
32292
9264
90099
91015
14629
4718
57010
69245
56718
46204
51058
63277
16116
56613
61070
57648
75826
64391
33189
73974
40524
46559
84781
98263
57197
7096
90454
63668
14226
65020
86936
51924
47927
15041
66662
58999
82621
76909
42182
45401
12027
52498
23327
13602
49520
2222
76284
1462
79201
3728
34135
59476
64739
81944
25615
33781
59022
85519
54100
56530
97520
89978
72248
39844
22861
12402
36756
56070
16067
86691
48709
75883
96394
69640
26578
35897
88820
55687
47302
78445
77025
58668
84310
77799
74367
92159
68487
85757
6159
86118
12174
47993
96662
15797
23314
10331
47461
63101
34989
26329
69274
31057
72619
4638
228
50722
48112
78148
67733
52299
68888
9870
99791
12416
27787
63933
1623
45302
92919
76344
1510
13175
84792
61849
28033
82223
196
38713
76208
44804
15817
6029
49549
27792
70245
51674
83204
68786
30424
20685
52788
73454
90676
49458
67356
79050
50331
14529
37753
47185
31944
75875
1315
42866
35879
62011
83557
34275
71943
98695
19387
62976
92676
33146
75188
63189
73417
41058
80322
27156
14731
62372
